600767
671380
027981
552883
156075
930396
682391
411758
235174
294069
463177
561268
313061
900898
980199
153651
751792
110415
302454
134659
771592
881199
107080
6634100
662288
751287
020406
163854
175673
880391
055156
126173
133952
502171
890392
090110
540256
960298
5545100
225072
581674
355994
385492
232346
240933
423678
265884
611071
690473
393978
364682
600565
592281
405595
670471
841094
452267
294372
651479
611071
671582
920698
140923
672794
066975
040711
076572
250227
840791
610768
860793
920496
880795
801999
652792
156378
325183
391352
464894
542175
682290
112334
355792
210324
950499
157691
064147
081826
463076
722092
231235
841498
058590
153449
660268
225274
125365
067379
342357
890190
103747
710879
810990
502575
623496
343569
243761
010203
036770
513283
413677
321042
361753
642892
442872
840185
305181
220830
870693
048892
572683
166682
611374
880290
411657
473279
474895
422163
542276
266389
632790
086876
461965
741488
940296
600161
563591
650772
111627
920698
207999
8317100
483179
394483
423981
042327
375996
780381
672996
291645
280937
100717
940498
661682
681078
580159
9703100
870592
9901100
069197
395190
045761
613798
040105
365288
414485
940195
203555
286189
820486
500454
263460
9901100
232346
651277
130720
780280
270128
622486
672289
721486
910293
622789
094150
563389
483684
702898
780280
524193
840488
550358
702292
602181
123749
440852
750984
620163
285381
217192
710374
732497
171128
206888
242448
531467
620365
622385
412465
256085
205878
018384
900797
030205
445599
790180
421052
371148
393271
890291
940296
801797
413172
143650
404585
9703100
321951
316192
086876
257297
570259
910394
820486
870390
301040
590362
356398
402060
672491
068086
801999
481058
220325
790281
610970
177996
132740
014950
643599
120618
071118
207494
342054
761692
087987
870996
421961
394483
344680
552075
501363
940599
211738
830891
730679
980199
292554
078289
900898
472370
137588
652590
751994
460652
1783100
711687
027072
571269
603999
033134
155065
860591
096372
790382
060612
493685
641478
610970
353469
671885
680270
722395
230629
800989
910596
235780
463278
831598
552479
451863
054853
553691
600161
073643
930194
801090
028991
462268
143145
930497
554196
501464
445195
382058
940498
181028
564197
581977
233558
851196
702292
870592
801090
235679
256994
641680
851196
384684
801696
731285
306696
182139
365894
504898
950297
370441
762197
182442
631679
212849
721587
850590
553186
252247
710374
760682
095463
422264
771592
271643
481967
613192
702595
032124
394180
900292
690877
530154
600161
761288
276996
831194
771289
2278100
294372
247195
643498
121224
871299
672188
013940
751691
761288
265682
010304
110920
430245
851196
114556
334881
152136
450348
870794
138699
306191
622385
255176
762399
354984
233760
431558
562884
027274
710576
153752
361652
643195
9901100
226688
491463
127890
593190
980199
692594
473178
450853
682896
820789
020305
333164
335285
691786
053035
145468
544498
281442
701686
250732
165874
660874
046973
880593
037174
741993
164157
490150
1189100
710475
861096
440145
343771
0595100
520456
254873
840185
270835
8119100
501666
511162
831598
071926
026870
472269
712596
091221
612485
750277
084149
096069
472673
291645
9901100
262854
970299
841195
195675
055762
920294
184058
950297
601373
250934
035255
820890
142539
890695
048589
099099
122941
672996
151732
291039
821395
321547
860692
760682
880795
375491
641579
333770
6040100
434285
861096
380947
424082
920799
063743
960298
067985
662389
275481
380442
204464
9505100
252449
552479
780886
172441
870592
7525100
680775
950297
570865
281745
066975
201434
701181
583896
246488
831093
640266
501060
067480
165369
196988
660268
096978
482573
540862
960298
960298
192039
820284
9703100
790887
530861
940397
171330
180624
141630
450146
600969
524698
950499
880896
280634
482270
503888
060107
742296
900898
762399
292958
223254
522678
692089
692594
980199
940296
293867
482876
870794
2278100
611778
690170
141226
102232
454186
860389
593796
425294
154661
861197
224365
291948
960298
571774
316293
443680
204262
9010100
560157
9802100
062531
841599
101626
056671
371249
9901100
483987
364884
094352
221335
093746
920496
220123
015556
111526
9109100
850388
504797
168096
563894
810283
910192
821294
820385
192342
493584
8416100
732093
850893
103444
112536
471461
210526
642892
702191
471865
712495
9802100
632184
310334
392362
632083
143650
463379
105767
980199
572784
410849
254974
030710
950398
313869
211132
413980
141731
742296
090211
662187
861399
214768
512273
772097
860288
272653
960399
414687
771087
910899
111425
623294
420951
9208100
553489
314778
950297
351449
412465
5050100
450752
821092
090817
861298
571168
342660
410647
841195
574198
251843
033740
475299
522274
9604100
028385
860389
880189
305080
360541
051520
230124
621173
366399
403171
019495
514798
8119100
900393
610869
164561
105363
800282
592281
9604100
443276
253459
642488
920698
840993
400242
870895
382159
311445
070714
9901100
181331
222850
102737
571471
444690
593291
286492
320133
811394
178198
642488
860187
123345
751792
642589
271643
850388
084048
332659
494796
910293
910596
730376
851095
156176
060612
254570
860591
871097
821698
930699
265783
303060
3070100
244468
740882
070411
900999
361652
711990
780785
3961100
483280
257398
195877
801393
484997
372461
930497
850893
631477
682492
650166
840488
850489
531063
9208100
582987
800787
455196
224668
681381
500454
840286
811495
642286
305989
211738
702797
570562
240933
601070
6535100
372663
474188
510455
554297
303363
871198
850691
323466
203959
820183
224163
830790
104959
311344
391049
660470
821698
9901100
376299
241640
920193
033437
125163
820890
502373
324678
700272
162036
820587
363369
900292
790483
462167
850388
293059
503787
770481
401656
501363
022729
950499
494291
442468
940498
611374
503888
283563
201333
720880
702393
442064
622991
760884
622587
211536
661985
682391
192645
3961100
146276
131225
441559
212647
741387
534396
237093
381654
154964
790584
055459
622082
201030
302050
112233
274370
441761
029395
712394
523486
095665
910798
316798
221335
742195
800585
280836
601777
550156
491463
950297
392261
024143
133548
330336
663298
8713100
086977
762197
672693
653499
781189
9802100
534396
295786
033740
651277
821092
480149
134558
246993
761389
381149
075966
930396
250631
760985
601777
851095
861298
360844
110819
7426100
432063
029395
267197
152843
580967
920799
562379
9604100
494897
463076
840286
821395
474996
413071
152237
482573
420345
513182
720880
022224
630972
821597
900292
790483
191938
055661
168298
145266
250631
531770
9703100
523587
331144
611677
791089
850186
286189
130720
831093
127890
444791
692998
650772
126981
283664
584098
9901100
890998
273865
334477
840185
850792
900393
531972
742397
692190
930396
613293
197190
053237
610465
331952
284270
780179
551368
950196
740276
371956
2773100
500353
163450
336497
860894
631073
354782
512576
970198
202848
770683
900292
831295
9901100
027779
540559
164157
223557
9901100
325789
750984
126072
104151
173047
570562
603696
680472
356095
790685
046367
732497
221739
205676
143852
562480
890392
560157
890493
502979
630770
811293
561470
692796
301343
910697
106979
226385
9901100
851095
342256
642690
345286
262248
481159
851196
870491
621375
711081
063137
296493
611879
342458
433780
731487
355792
551873
681886
791493
603696
603292
830891
273865
880189
227294
354075
465399
140216
2674100
600666
5149100
513283
113748
091928
053641
183755
9307100
9703100
470148
591877
841094
841498
312152
660571
632083
920496
461662
293261
960399
350136
851297
841599
712091
335992
691786
593998
6832100
294372
016869
771996
831598
035255
193958
623698
781492
270330
460147
494089
950196
880694
950499
541367
900292
475198
237497
305282
820486
730780
542882
870289
311445
970299
920698
670774
820284
173754
582684
172138
670976
092433
331952
391049
671885
543084
620567
382462
444387
3268100
940195
156075
940498
345185
534194
272855
661682
211637
078289
603595
980199
830689
354782
046771
631477
730376
581371
940296
900191
751388
930295
245781
840892
8515100
346397
643195
9901100
681482
930295
022931
851196
530255
117586
731689
207797
9208100
425193
562177
513990
442266
494089
016970
880997
801595
245074
631275
493382
590160
870592
583795
392968
950297
870895
284775
353368
055055
890897
182038
850489
443478
054550
222951
090312
590564
275279
760884
455499
085664
600363
090918
810182
970299
880391
880593
550358
273562
3862100
197998
940397
271744
890493
554196
016667
890998
450247
633396
106878
7327100
722698
100818
612889
584098
383876
083341
122335
304070
9901100
346599
8812100
343872
641074
752499
552277
770582
040610
2179100
432770
731992
741791
194160
033336
603898
910495
530558
711586
311647
083846
553691
108595
711687
197998
980199
394483
601373
622789
781795
083442
661985
591574
102737
970198
621880
9208100
782098
453075
760379
582078
382967
0199100
200929
322860
244569
820688
320537
290231
770784
453075
374986
552984
213960
291443
464995
350641
900191
831396
571673
573188
082432
042731
840791
940498
583290
731790
472976
011718
851196
422264
781795
970299
711788
495099
342256
411051
790887
270330
9406100
171936
474794
105565
415394
403070
344579
960399
101929
345690
791089
940599
762399
603797
9802100
651277
622789
345993
341044
683199
513889
035457
632184
331649
056368
532578
275784
581068
830790
9505100
910293
233659
283664
712091
256085
273562
041620
105363
570966
024244
702191
066773
861298
391554
563591
712394
772299
850590
810283
305383
101020
950398
137184
075057
137588
130720
351146
172542
821294
393473
137487
692594
105565
960298
772097
5941100
365389
323365
500858
300333
390443
8911100
440347
651378
332356
196988
210930
107585
102939
222749
940498
610667
603292
930194
632184
603090
501767
480654
970299
840488
730275
521870
253055
141832
066066
056772
293968
840286
820385
553085
108494
563591
291140
190120
910495
194968
524597
037881
200525
861096
254570
423779
690473
930295
810687
9802100
410445
055257
060107
042529
553287
5446100
620971
098796
741185
195776
970299
642993
613596
600666
8911100
411859
542175
024446
216990
090312
571471
336093
720981
431457
514596
123143
900494
090716
9802100
481260
271441
821395
263258
267096
096372
085361
012930
484492
363470
712798
481563
422365
602181
562379
930396
351550
573289
040307
205575
900595
910798
350742
512374
524698
241034
261844
760379
940498
770885
102131
085563
161430
581573
820385
584098
880593
460854
200626
351752
266086
531770
600969
244872
084048
332356
572784
180422
720375
104555
360743
173653
6931100
482573
145064
730477
861298
760985
533487
580563
800888
244973
712293
682896
264470
471158
970198
404484
058792
452469
570966
484896
761793
118394
402262
204767
187391
740781
831295
810384
9208100
9901100
4456100
224365
155570
352055
850590
860591
303161
791190
273562
920799
202343
182038
420850
454085
601272
660773
760783
630669
124961
048892
451863
451560
791493
108696
683199
650570
070916
147185
900292
056873
540256
632285
820789
920799
133144
930194
831093
260127
562480
355388
580765
115566
117283
730174
770380
1684100
870693
722496
371451
183755
524698
572380
233558
502979
041721
840387
513182
871299
144862
900999
691685
033336
106474
613293
433982
580159
060713
850287
404989
225981
502878
314576
294776
810182
500252
5842100
346599
215980
164460
780179
622890
811192
263662
060915
870895
262753
362359
432568
960197
356095
2377100
500555
390948
062026
770683
164460
9802100
130417
145670
920294
401656
533487
230326
980199
029294
381048
940599
573794
041923
061824
910293
721991
401757
251338
434992
365187
771390
164258
761389
712394
781391
222244
544296
205676
771188
522375
691685
493584
053035
9901100
065662
524193
343973
302050
9901100
680775
431053
940599
910596
118495
262248
4357100
452469
064955
910394
950196
133043
583896
057277
024850
445498
970198
571774
144155
131932
520355
041923
870491
960399
362965
771693
9307100
900696
207797
9901100
207090
790483
533386
385694
183553
560763
286189
920799
772198
730275
762399
370643
950196
077986
9703100
355893
620971
890897
206181
360541
103141
643498
712394
166783
054247
194867
311546
940599
335891
176279
374885
133245
820991
070613
960298
671683
098089
214566
820890
950297
483886
534598
039295
771491
383573
701989
900999
295685
640468
292352
302252
302252
027274
801797
492069
522981
210425
720375
920698
9109100
960399
540155
215071
600262
561066
462672
890392
167086
175572
361046
920193
414485
194766
120921
900999
445397
920597
652691
662591
710778
7723100
682391
760884
306292
187593
126173
512374
332356
2575100
355186
680169
950297
130316
880997
441054
184765
062228
394685
511566
297099
453277
250126
8713100
761288
900393
453984
043135
283462
742094
870794
520355
200424
840993
731992
571269
851398
365995
511768
153449
840488
310839
544397
243559
381755
681684
472976
533487
021214
241741
740175
303767
485199
631275
780886
302757
573794
148094
673198
232649
681280
643498
370542
485098
712697
841195
613596
740882
700676
265985
711586
642488
454388
140216
038083
7723100
252954
201737
176178
433679
881199
113647
353065
371350
840286
721991
950398
173956
302858
483583
140620
088088
492271
980199
081119
443579
501767
623395
124456
552580
543993
751388
325688
411455
820284
523486
272047
434588
800888
124759
151227
662288
026264
682896
020911
9307100
5644100
930295
472370
412970
970299
701989
216687
870188
870491
127789
640771
881199
200323
194564
204868
411556
9901100
145064
474996
080917
266793
593089
761591
600868
344074
741589
680775
080109
383876
623698
234871
490756
010203
881098
044347
333265
280230
622082
421557
811495
811091
312960
790281
620567
860490
045559
540458
841195
591877
463480
8119100
070613
611172
401959
2773100
9703100
294574
260430
950196
750580
592382
470956
375996
261238
094756
331245
235679
740882
166985
691079
821092
106373
9010100
692291
9901100
910192
781593
9802100
141630
075360
673299
632588
301949
910596
404585
483381
330538
850287
190120
543387
472471
570865
086371
510152
272249
101929
222345
385290
143549
017475
145973
930699
503686
930598
071017
472572
600262
523587
085866
740276
443680
424789
051217
580462
542175
045256
801292
064248
272956
841094
910798
9901100
212950
520355
830790
950398
234164
890897
190928
752297
384482
512374
573794
721890
202848
880593
245882
841195
384684
296998
223759
170825
422163
531366
122537
482472
9901100
592079
760884
354479
8218100
333770
040610
600363
841094
841195
890796
450954
702191
265076
172542
890190
056974
940397
9307100
950499
850994
531063
391655
475198
850489
871299
560460
432366
591069
752398
110213
501565
770380
960197
771996
890796
580563
740276
543892
9010100
572077
137184
790180
851297
050409
372764
217091
165167
166783
118293
283361
683098
423375
771289
146276
632487
810889
533588
621274
870491
176683
312051
461561
050207
221234
751489
263662
543185
051621
801090
425496
442670
671986
181836
770481
147387
394483
353671
095463
424284
542882
541872
181634
422870
830992
286896
201434
630467
332356
482068
363571
103545
167591
732093
580765
502373
870592
096372
7525100
027375
740781
450954
034952
781795
811899
240630
523486
570663
610869
5644100
420143
361753
313061
364783
114152
860793
830891
772097
532679
9604100
156580
6535100
435598
108696
8812100
490251
692998
491867
633699
900191
523183
870188
501565
342559
500555
960197
460147
650469
701080
127082
660369
730477
840286
620466
880795
055257
661682
860288
058388
831093
286795
811596
433477
701787
611677
800888
520153
395796
9901100
660571
780381
940498
601070
094251
411354
473481
017071
751893
841599
930699
660672
067379
9505100
052934
590261
582179
140115
562480
092635
9901100
621072
4852100
670875
681482
613192
303363
405292
652590
311546
493786
315182
122537
372259
362864
930396
021012
266490
455095
018081
324375
311445
583593
294271
155469
9901100
731487
741185
077178
453075
252954
831194
722395
811091
850691
541367
375693
661480
293463
740983
531568
900797
173249
900494
512273
240731
500151
542579
344175
035760
313869
9505100
354378
165066
801797
432063
034043
184563
660470
9208100
412465
593998
511566
900999
740983
890392
281947
552176
480755
210627
125668
124961
064652
780785
034548
105969
750883
293867
375289
403676
049094
960197
840589
811899
253459
544195
920395
731386
336598
791998
240630
242953
840791
450853
770986
600969
811293
157388
207797
860995
027678
376299
441054
781088
443276
591978
213859
014041
361955
660773
147892
126779
432063
236184
562177
980199
910293
296493
510455
9703100
320436
771491
641074
304676
791594
690776
890897
960399
065864
940498
670471
386098
791796
196988
672188
323567
930497
096069
232649
940296
641175
150722
296291
141630
420446
920395
076774
276592
224163
204464
671885
046569
760985
276996
553388
451863
740882
197190
256287
630770
027072
085967
850893
520961
602787
353974
772097
673299
374582
282856
690170
960197
012324
720880
056368
086977
375289
602484
510556
293665
462773
450550
013536
052631
253055
324173
9703100
732093
752398
341246
673097
930295
701080
750277
900494
623092
900696
900191
541468
320436
980199
690271
700676
020103
560864
940296
484997
850388
740680
220527
871097
960298
010405
230730
290534
266894
401656
194867
140216
295180
631073
253863
230225
980199
414485
721284
105060
930497
5842100
110617
465298
9604100
8416100
186886
573188
460147
920597
690877
581270
740276
430851
742599
335588
132033
170118
276895
811899
591978
106676
671481
481361
473279
762197
510960
394483
930497
480755
143549
334679
270229
175168
552378
017778
132538
361753
880896
313566
514495
157893
900999
4951100
780179
602888
870794
014647
512071
940195
164662
511566
8614100
071219
781795
2872100
474390
304878
261238
551065
352964
266490
5446100
8614100
623698
590362
305484
900191
672693
663096
405696
930598
424587
047579
150621
651075
561571
871097
453075
950297
871097
751893
781896
592281
123042
215374
800484
720577
950297
592887
781795
691685
255378
640771
164157
613394
163955
522981
164662
583896
790584
173249
761995
1882100
250732
474289
742296
175067
087381
940498
374683
542983
054853
621779
332659
095362
471562
830487
910394
5446100
870996
613697
601171
451560
038386
393877
880795
831699
593089
207292
850691
671986
553388
481058
920193
750479
850388
321345
332255
262248
473784
840185
272249
135669
930598
132134
081321
940599
365692
821092
910293
049195
980199
930497
271643
341347
514596
062430
752297
940296
502676
305989
910596
721890
221133
483583
201434
150520
710475
440751
540660
434083
434386
227799
124658
550257
731184
156176
591574
840589
840791
510253
143953
207898
701787
183856
643195
660975
192544
821698
620264
880795
105565
122133
393776
650873
541569
264268
044246
136578
197998
730982
491968
850287
710576
9307100
107181
760783
038083
226284
492271
390140
041216
223759
681482
376097
151934
780280
120113
613697
316899
940296
421456
830992
514091
534093
970299
275279
244872
880189
512677
720577
402161
623597
034346
1387100
132841
560359
613192
751590
561672
761288
890695
276390
125062
900191
691786
067783
770178
9901100
011011
155166
501969
751287
791493
504595
041822
8911100
940397
202747
682795
244872
760581
631679
7228100
750984
165066
271340
711586
790483
482674
247094
831497
751388
401656
950499
303464
801393
010506
603797
354176
670572
191332
275784
612990
106878
740983
078289
582684
571875
960197
851499
112839
395897
434184
960197
414182
6139100
336194
712293
622486
036871
740983
521264
256186
530962
701282
761086
332356
371653
385896
160824
530962
751590
860995
425193
840387
512172
530255
8614100
620971
910495
111930
601171
403979
270633
534194
9802100
401858
602181
523284
326294
791190
511364
201030
345993
650873
330538
127284
900191
442468
353873
750176
025052
900494
286694
9901100
491362
483886
293362
810889
185674
9901100
830992
031821
541569
9406100
541973
9109100
761288
534194
602484
253257
771289
9802100
450449
880492
791897
123951
550762
110415
444791
900494
570461
321345
013637
177390
028789
830487
523789
421456
791190
341044
332861
454287
083543
542074
514899
692392
820385
800787
231437
9010100
281240
791796
653499
276087
821597
760985
680270
491968
160218
980199
142135
840791
752095
561773
405090
850792
670168
511667
241943
752499
472370
415899
034144
075764
592382
152035
041620
265884
393170
394584
791998
092433
910798
603898
851297
345993
742397
411051
376299
660571
710677
410647
554196
413172
880896
314273
226284
632588
9901100
302959
333265
830790
690978
035457
650166
940599
193150
653499
365995
571269
602787
251439
730780
533891
434992
025961
326294
930396
771087
632184
501363
143044
850691
662086
125062
127587
093140
151429
501868
078996
504898
236184
026365
176582
950398
514596
602181
750681
851196
671784
641276
870390
7822100
292958
910798
930194
134255
128698
940397
522072
046165
534093
078289
870895
9604100
246084
810283
800989
223860
491059
9505100
790887
790584
202646
098493
601777
781896
960197
550661
211334
242650
860288
410748
970198
9208100
390948
750479
702191
582886
681078
680472
750681
8416100
910798
720173
163046
145266
940498
851095
441963
662793
841397
551974
240832
781997
223456
102030
480250
570360
181230
940195
434386
078693
246993
930194
690574
512677
281745
861096
970198
791190
940397
385694
731285
063137
104050
741488
334477
243054
552176
880896
103545
435497
632285
620870
012425
374178
301040
255075
612586
490554
171835
052227
079097
710273
176178
9901100
633699
336598
176178
394887
602585
900393
9406100
742397
270229
750782
9010100
341751
400848
237598
572279
811596
770582
295180
451156
611071
511162
731184
394988
9901100
097281
710273
130922
176683
682593
583189
247498
484492
192948
850893
740478
303464
240327
631275
740579
701181
623193
770784
323466
731184
750479
711788
257196
020810
314778
960197
330740
652792
561470
514798
260733
770885
830588
741791
9406100
690978
321042
732093
434588
283664
840185
070613
233962
613495
054045
710576
690574
334073
503686
581876
062733
552378
571370
381452
751186
250328
610263
136073
9901100
145367
191938
781896
391554
702090
063844
9604100
611273
395998
302757
372461
255681
058287
700979
9901100
910192
780381
148599
482169
732194
131326
920799
643296
091928
861399
027678
283765
861096
970299
063440
593594
171128
284573
204262
067581
251843
9307100
116576
9901100
188098
880189
532275
3664100
841296
270330
311142
861096
040812
552277
360541
395594
353065
153853
311748
293867
052429
522981
613596
275077
201535
174461
671885
404989
583997
263561
950398
790584
811697
730780
751085
325284
177996
433073
323769
283058
652085
870188
830285
881098
540256
540458
732396
800888
030912
185270
9604100
800585
192342
405898
732598
234669
044852
492877
860389
920496
632891
120921
881098
281846
247397
781997
750378
553792
710980
316091
712697
790483
072835
165571
231437
453479
148498
850489
514091
562783
910394
782199
053136
652994
381452
171835
740781
096776
206282
612384
910798
543084
274572
891099
142236
445397
9406100
243963
790180
610667
094049
800686
240428
890998
494594
9802100
334679
6238100
325385
286189
9802100
544397
118192
048892
168399
960197
581876
146680
692695
046872
643296
365490
157085
710677
7921100
661581
550863
771087
311849
293968
197190
623294
771087
482270
720274
450348
582381
265076
043741
871198
780886
254570
233356
722597
521971
531366
105565
011112
451055
780987
245276
800181
900797
286694
236790
534497
087482
681987
194665
361854
041519
220325
344478
257095
514394
410344
044852
642892
206989
504090
670269
940296
8713100
722395
570562
680169
581977
484492
800585
781290
4357100
233659
431659
276491
091928
334073
811697
158095
303363
340842
950499
247498
761894
211738
890998
133548
162036
910596
147084
236689
083543
672491
242549
224466
374380
464389
090918
346195
491665
170724
3367100
281543
441660
960298
700676
410445
850691
410344
293968
722799
037780
115667
306191
435699
035861
321547
440549
194564
523991
107282
870289
501363
671683
173451
364177
603090
322759
252752
510152
672693
224769
345690
295786
132437
374986
122335
124153
5149100
245377
183351
034750
451661
493281
740175
950398
015556
731992
910697
029698
200222
026870
8416100
111829
204363
355489
310637
090514
554095
8812100
930699
243862
542882
284876
473986
9802100
692089
077784
224466
394988
055964
167995
286997
017778
700676
571774
910293
070310
045256
642185
563490
401959
820486
760379
410142
671380
470552
6733100
910697
321345
230528
810283
043741
630568
111829
157388
393069
534497
024446
531467
594099
220628
732598
148599
801797
470148
850388
170421
9505100
272047
100212
920496
022628
760682
150621
244064
510354
093342
432467
245175
860793
373370
395190
581068
9802100
301646
791392
603898
722395
552681
9604100
970198
034447
453580
771491
237093
631073
060107
490857
890291
245377
366096
383876
681078
029496
076875
600464
156984
9802100
066268
633598
960399
524597
3664100
015960
154459
422769
900696
044852
840589
365086
154358
168096
044246
114758
701989
930295
170724
232851
425496
551267
401555
111728
145771
152338
880290
950499
870794
304878
140418
156782
880391
670572
323365
265480
254267
670269
282553
039194
830689
510556
310132
890392
431659
225577
811798
333568
540256
502676
660571
213253
390140
781997
242448
553186
016667
070714
772097
721385
671178
6436100
530861
631780
572683
104151
126779
286290
690675
355186
820587
772097
462773
780785
821193
6436100
601878
363167
291443
121022
890493
910394
800282
073441
470855
570562
440145
841296
482674
530558
454792
350439
283159
353368
630568
200929
191736
405090
701383
431861
266086
216485
530457
761288
592584
790180
960197
050914
870693
424284
157590
9901100
560662
122335
177491
620668
314071
810182
443175
420850
206989
153550
600969
701181
592180
514192
472269
470653
096978
293564
441660
201434
782098
364884
620163
761288
250429
661682
461359
8911100
474996
237295
085664
9901100
197897
621476
132437
890998
241943
830184
940397
035962
9109100
760985
473279
194160
580159
8614100
574299
302252
271542
108494
246488
231134
550560
434588
653499
324375
572784
074754
712192
651277
591372
881098
381452
642286
116475
302858
9505100
541569
282654
284270
711384
344983
252550
126678
244771
301444
405898
420547
245175
462066
712495
640872
512172
861298
510556
276491
890190
751994
821395
760581
950499
282351
620264
510354
363167
652994
660571
531063
057984
9802100
482977
771087
050308
751085
503686
9208100
384381
741084
620264
045963
360440
452469
304070
201535
460349
435295
800686
333972
081624
444084
980199
101525
443882
9901100
146983
820789
523991
500555
6832100
113445
421860
102737
217091
701787
721183
761793
711687
115667
830588
672491
373976
287098
800686
562884
430144
7525100
190928
522173
662995
522577
661177
173855
801292
800888
223355
732699
383573
711283
621880
661985
701383
504999
9802100
108898
233154
037477
150217
740882
155570
207797
732396
413677
880694
342660
233760
295079
316899
521062
780785
344175
910394
067177
801090
374380
9802100
385290
263258
203050
821294
341246
592685
592786
123648
621779
910293
393574
730881
362460
400747
017475
920294
077683
413172
602989
762298
900999
033740
322254
900292
474491
451055
107484
422870
880492
331144
550560
355489
450348
131023
592685
306797
541670
322658
471158
043135
091322
960298
420547
514293
210425
780886
143448
340337
360137
891099
581876
880795
9505100
275279
350742
028890
232750
157186
501262
613192
200929
344680
362763
633497
197089
533184
4654100
460450
612485
542175
770380
384078
063137
4159100
070411
445397
682593
930194
571572
550156
266591
174259
461965
205676
752398
226991
860894
491665
110617
593291
266187
9505100
811697
374784
255075
563389
144357
711081
700171
432568
233962
233861
050510
300434
463076
682997
143448
442367
231134
841397
9307100
930396
410344
364177
830992
851196
633699
524092
672996
454792
071219
781391
053540
631982
343872
345993
444791
282250
383371
861096
612889
051823
920698
682795
470956
501767
405898
612485
400747
690877
283967
431356
134154
861096
354782
334780
027476
121527
910596
7822100
251843
851196
470451
157994
341852
701585
970299
079097
564298
203151
970198
116879
502272
217293
493786
253762
125567
037376
562884
3763100
7723100
114960
121022
096372
980199
680270
570259
821597
440549
424890
680876
591675
067278
970299
441963
316192
470249
222850
375693
641276
253257
402060
690978
421052
552176
534093
183250
412970
193857
601171
1090100
082432
900999
462369
5644100
544195
781694
860490
392059
551267
127991
731689
454085
491766
711889
121123
481159
910596
355994
811394
444690
342458
9307100
067581
492271
9802100
543488
821496
890998
533487
105161
390544
750782
9802100
410344
811798
415899
511566
077986
210526
405393
404989
940498
613596
121628
422365
670875
342155
173552
564399
039699
534396
075865
623294
047478
564197
840791
790382
771592
820486
176885
830386
880694
920395
099099
741084
652287
601575
151833
265177
043539
633093
274774
380543
483583
204161
9901100
790382
851196
9505100
072431
683199
106272
672693
333972
244266
346195
671178
393776
851499
133750
950398
196281
151934
432366
622890
811293
296594
425496
226890
831295
742296
502070
910394
083139
067884
494998
782098
530255
257196
840488
920496
524092
502878
166884
571269
940397
560359
930699
344983
216485
960298
760480
881098
680371
122436
194564
701181
381149
850994
930497
782098
104555
471057
680674
057580
225981
263662
880593
130922
039093
920294
422870
860894
313364
663096
611677
960197
910596
051015
693099
940599
811394
504090
147387
235376
563086
364076
240832
334881
711182
601272
860793
801696
435194
631477
920193
190827
031417
513788
700373
273057
306090
177996
841094
690776
680977
821193
433881
8317100
652994
020911
550257
430851
652489
059398
083139
365086
850388
502272
315384
831295
761793
580866
582987
841094
581068
613293
371249
102535
483785
490150
471158
336194
400848
710576
153247
322456
214970
791190
361955
280533
425395
651984
580967
510455
790584
712495
384684
811596
970198
027577
440852
142539
425799
9505100
217697
150419
450449
450348
623193
860793
524092
503181
761389
512475
433780
118192
9901100
622284
500555
293564
391251
8713100
330740
551873
690473
494594
106878
871299
742397
443377
711586
443680
064955
350843
401656
474188
591372
9208100
382462
522678
593695
190322
315788
015657
593796
612283
392463
211637
524698
450449
910293
195473
167187
247094
960197
331447
850994
180826
9406100
490554
702999
751287
079097
781189
223860
374077
411960
091322
091019
422163
511364
403878
197897
261339
1981100
042226
335790
641276
563591
504191
501767
124254
483179
623597
870188
661278
601777
682997
162137
950499
231740
263157
1288100
031720
870491
554297
237194
333972
791493
051823
810283
331245
9901100
124860
400141
232548
137285
266288
540660
503383
692291
641680
9208100
134053
072027
504292
720779
741993
821395
570865
464288
186684
670269
632790
030912
215576
277299
350136
451560
430245
860591
530659
521062
672895
325688
321143
026365
452065
780583
286290
531568
701282
870188
102232
490453
890594
602585
351146
164662
236891
910293
216485
732598
483886
771895
081321
062834
860490
960399
691180
142337
732093
114354
9802100
680977
115465
292251
970198
381856
9109100
633598
078491
043337
530457
202141
196584
464389
116273
330538
772299
493180
500959
414182
019899
156883
290938
593190
273057
531568
870592
286189
351853
382866
781290
900696
483886
513384
9901100
930699
183452
067379
266490
613899
028991
632285
403777
533588
540357
087684
711788
560965
603494
702494
069298
680775
474087
561571
751186
820587
079097
910293
531568
572481
325688
553691
403272
522779
9208100
151631
940296
831598
623395
177390
551065
392766
960399
150116
930295
030811
9901100
2872100
831598
752398
9307100
730982
960298
592685
403474
673198
300838
296392
571269
286290
612283
284573
741791
503686
711586
970299
910798
017273
821193
273966
294069
830487
062632
107686
502979
850691
360541
194766
095261
772097
400747
632083
240428
9901100
533285
512071
235275
501868
144660
551368
088795
790988
326698
671279
950196
730376
870289
820486
066470
090413
227799
247195
801191
751085
373572
052732
531770
304979
482775
632487
117485
601878
910394
870996
027173
6535100
950398
930396
900696
8614100
167793
660773
315788
980199
153853
401050
052025
291645
085967
082836
761793
860894
483280
227597
681381
712394
940195
125264
415495
333871
930699
671178
470350
740276
0496100
7327100
240327
9703100
217899
393473
681381
104353
060511
084957
980199
9901100
102838
216889
770481
490352
294776
851398
4258100
840993
890897
242145
464389
151934
303363
262652
018586
454994
612687
403373
285381
653095
474592
331245
761591
524496
780482
640468
186381
880290
572380
9802100
680270
523688
612788
345589
550459
510556
273360
860187
283260
144660
850893
043741
482573
271138
9307100
742094
105969
063036
433073
593190
940498
255277
450146
960399
133548
321042
086573
541266
930194
335992
640569
494695
543387
800181
395392
202646
078188
224062
386098
750984
712495
551671
196584
023335
442670
850590
790483
311344
970299
404181
581472
393271
062026
354176
730881
250126
240529
490554
590665
622991
652691
271239
282553
900999
520456
642185
223153
470451
256792
372360
552378
590867
137891
306090
600161
662490
791897
930194
560965
781492
403878
631376
560763
051924
116980
750984
036063
7921100
660975
088593
593392
180119
830588
470653
016061
098998
332154
7921100
770481
143549
890796
680371
045357
118394
103444
561672
821698
583694
781088
355186
960298
741690
620769
184664
850388
206787
791291
351045
453277
283159
490554
356095
671077
290231
423981
524395
158297
034245
303262
046872
8911100
780886
450752
410849
500555
690675
283462
321850
123648
354378
543589
382260
215071
480452
204666
182846
355590
623496
9703100
113344
594099
118697
293463
770582
662793
483886
633497
730780
670168
464995
980199
010506
141024
6040100
320133
9901100
571168
871097
771087
880694
810788
334477
362965
224971
910596
403575
701787
820991
870592
059095
621880
800282
762096
800181
860692
302454
910495
180826
036164
380947
133346
019899
286189
720880
443680
850792
312051
751893
100717
870996
920395
750984
701383
811899
560662
920597
6139100
711384
752196
134356
462066
481563
251237
772198
491564
8812100
740680
751893
900191
330437
213758
485199
851196
751489
510657
870188
550257
5050100
073340
454085
513283
9307100
771693
494897
9901100
640468
281341
791897
530457
771794
221234
7129100
9406100
502777
470552
266389
440246
712899
980199
770683
306595
041317
023840
542882
631578
053843
930194
663096
223153
671986
661076
196685
742195
980199
225981
083543
711384
314374
363066
420244
2773100
850691
570461
503989
682997
092837
231841
176077
590463
321951
150520
442165
701484
392867
920395
127890
034043
443276
8812100
641781
351045
143953
910596
322052
271542
820688
920395
850287
661177
186684
661480
721688
172542
373673
108494
440448
970198
762399
117384
175774
650671
980199
091322
492473
801292
692897
362662
940498
014041
612182
481765
910394
035962
920597
425496
022022
831396
490554
187593
029597
820385
172037
711283
820688
273461
412869
256893
600969
433679
851398
081119
296594
262854
9703100
016566
138396
251843
851499
312859
235578
681381
281644
354580
085361
9901100
543993
701585
840589
216586
850489
9406100
900292
287199
381755
074855
492877
643599
492170
910495
910394
3367100
543185
401151
471663
821496
295079
9406100
9901100
553590
423274
811091
670673
365793
155368
058792
554297
740377
554196
492675
711586
850590
8713100
573087
361147
053944
214465
600666
700777
503080
771592
361046
970198
1882100
940498
122335
391554
061319
611071
234871
432972
752095
661581
067985
411152
530962
603292
870188
072734
612081
820385
563692
970198
950297
184159
560157
055459
078693
176380
434992
142539
541569
441357
851398
780381
381149
771289
352459
502272
960298
692594
403979
226486
950297
602989
050409
681785
9307100
570764
304777
201333
642993
900595
032831
543690
592584
484088
031518
082331
380341
780381
074956
2674100
9901100
272249
860389
383068
483179
550762
463076
890796
108999
435699
920698
880391
950196
432063
372966
061016
820183
300636
780280
841195
9505100
760581
9703100
086472
900898
623799
017071
142438
190827
503080
166783
860187
135265
166884
671784
481462
242549
642791
553388
591675
044650
273360
9703100
282755
108595
8713100
790988
751792
132841
500757
860490
051116
462369
573592
1684100
531568
560359
070815
642690
821799
9505100
702797
143448
174663
116172
168197
592887
960197
096877
391150
491867
821597
117485
286694
760581
272047
672592
9901100
502575
851196
0793100
160925
453176
751287
325082
850590
633295
434386
593594
245983
811596
295281
811798
344074
671077
023234
247397
326092
512980
193756
441256
280432
690877
236790
272855
255176
731487
415293
103040
621476
590362
9802100
273865
296190
450146
600262
9703100
731487
650469
460955
841397
222345
205070
144054
323567
300434
553893
032326
770582
101525
474289
291443
312859
760783
541165
940296
330336
780684
085462
336598
043337
683199
960197
0496100
154358
610465
8515100
261743
720274
140216
920698
771794
9901100
870996
333063
082432
8713100
551469
9802100
562076
043943
254974
930295
206181
613192
740882
465399
830386
550964
910495
335992
313465
573289
195170
562884
223052
514697
145468
0793100
380240
611778
254267
970198
090413
640569
870188
850691
891099
351247
920193
851095
930497
425395
040812
126072
302050
423173
731285
393877
294069
791796
811596
960197
523183
217091
791291
040509
303060
542377
512172
294271
240327
042327
194463
244872
275077
721284
024446
334578
900999
4852100
355085
662187
780583
572582
700878
264975
970299
880290
761389
474188
661581
940195
653297
621577
791998
064349
593695
880189
381755
540761
810384
651681
305080
980199
471663
153045
532376
741185
138396
461662
7624100
570865
471360
118596
860490
880997
441761
940498
186280
441761
770885
650166
095261
490352
032427
374683
262854
581573
930497
620870
115465
742599
511162
263763
760783
771289
690978
640468
643296
652489
831497
013435
234568
601676
081220
1288100
920698
730679
870794
742599
321648
950297
274774
484088
127789
780886
4654100
860490
603999
851095
800888
751388
750984
751994
031417
521466
670370
346195
502474
452166
020305
900595
580563
880694
354378
6832100
067076
145872
681280
210223
073340
393675
910899
712293
165268
413879
092736
350843
850893
890695
790786
700272
720880
841498
045155
148195
092029
041418
572279
200727
851499
523890
631174
263258
146781
980199
653196
5149100
322658
220628
970198
602686
285684
790483
221335
494594
140923
620567
230326
544498
940296
464793
850186
315990
147589
425294
760480
141226
038689
069096
830689
395998
131225
540458
200121
415899
640367
610970
472370
355590
632386
593089
960399
172946
711081
484997
881098
851196
312960
473481
275077
970299
383371
8812100
061521
326496
792099
702595
970299
130619
521264
304979
051520
502575
721890
573592
671885
413273
134255
245377
9901100
061016
251540
633699
830689
105868
651378
8416100
052126
533891
244569
930497
153853
464187
831194
044650
144761
325486
391049
9802100
910192
712697
085765
077178
373673
405696
541670
270835
612889
101727
681583
144761
123345
381957
791695
503080
012223
811192
770582
681179
138295
712394
175774
341852
580462
930194
264167
291241
583492
890695
306393
930295
553085
094049
641377
8020100
840892
741387
7426100
237497
316596
450550
255075
900898
054146
840690
200121
850893
068591
145771
533891
243963
423072
118091
641781
631275
430548
881199
216384
1486100
870794
482573
345892
570966
473784
681886
132437
8416100
731891
6634100
661985
462672
160319
123749
930699
492776
062430
680876
434487
910798
171936
132235
9802100
910697
140317
267298
390241
281745
631679
810889
451560
592685
573491
533285
780684
346094
554297
571370
491564
370340
162238
402464
593190
485098
501767
630972
692291
025759
473077
147791
262551
025052
620163
582078
322254
172037
712495
050106
9901100
224466
660369
295382
681381
642791
920294
640569
302858
212647
123547
154560
235881
445094
890190
603696
900393
470148
400545
322658
532477
800282
950499
252247
950297
106575
323264
404181
362460
880290
291241
372158
760581
712495
920395
623092
801393
680977
590463
235376
331144
492473
960399
046973
613596
231942
322355
702898
9505100
123244
465197
600363
9406100
296695
030205
761793
662086
860288
112536
662894
762197
394180
810384
287199
980199
5743100
661783
351853
820183
282856
133952
093948
223557
300838
442165
930497
306696
880391
554297
810889
633497
103545
610162
474491
190625
5149100
880694
690170
750580
560965
194261
750883
145367
072229
960399
622991
613596
112940
461056
564298
554297
771794
790382
570865
701787
394584
313061
752398
080715
360743
920698
6436100
300838
850994
085159
134255
860490
154762
201838
860591
6139100
762197
681381
110415
631477
722496
881199
135871
500656
281240
118495
564298
712495
135568
024850
632588
366399
394079
570764
304979
340539
235881
910293
163248
068793
236285
231033
244064
351651
9703100
742195
811091
672491
031518
482674
270532
9703100
300535
770481
343367
504898
3070100
315788
473279
152035
821395
362258
294574
170926
383472
322456
265682
225072
395594
056368
240226
9208100
042630
431457
088896
740983
851398
414889
136578
661682
801292
741993
700777
453580
900696
333871
711687
302252
353368
187088
157691
671279
820284
373875
290332
631073
047175
801595
760480
9802100
570461
871097
9406100
513182
232346
541670
590564
600262
9703100
054146
622890
980199
314677
056368
196079
364581
663298
980199
771895
057479
850893
065864
791594
371754
780583
692695
126678
611475
472774
910394
890392
342559
870693
115667
811899
163248
151025
410445
680472
350439
372259
512475
035962
700979
454287
093645
611576
076572
093140
531669
127688
077885
671481
040408
602888
095059
920496
830992
523688
721082
600868
930497
850994
214465
175976
750176
015152
442973
295988
464995
462268
370542
651681
284472
354075
661278
9802100
411455
910394
222547
264571
213556
651984
502171
750176
541165
415495
053035
192342
356499
9901100
771996
440246
671784
640569
277097
482977
365086
364884
702292
177693
152237
335689
960298
454085
770784
850489
503383
130619
652388
871198
494089
227799
960399
950499
611778
850388
482775
030710
410849
841498
623395
405797
079299
680270
2476100
113041
551772
890190
118697
232043
323769
442266
311142
326092
7525100
044044
811394
260733
392665
284876
032326
562278
840286
055358
207393
434588
692089
425092
445094
640569
9802100
064955
267399
070613
230932
712394
164359
581775
062329
900494
861096
791796
800585
650166
532174
603898
821597
711889
343569
351045
771390
780684
131023
301444
9703100
451762
432265
9703100
074552
8911100
354378
582078
434891
880593
167692
012526
920799
652489
561571
710172
511061
490251
742599
031619
450550
138396
611879
132538
920597
700676
067278
310233
056368
550358
421052
4654100
133447
263460
340438
231942
172845
790887
405090
9604100
055358
690978
141428
821597
493584
320840
522880
084048
540761
920193
433881
241842
286593
581371
750984
761187
364581
8218100
661783
611879
512778
019596
271340
781694
554398
561874
373774
454287
181129
224365
9505100
860692
352863
891099
212950
412364
920597
325082
741488
861399
383270
521870
112738
177996
146882
531669
900898
031518
930396
356095
1783100
780886
420749
050409
950499
771491
263662
731386
276289
960399
9703100
455297
781593
492372
591473
112435
504494
8614100
295382
772299
642387
200323
184361
751994
475299
584199
222850
383573
105363
970299
650267
106373
851095
880997
950297
342155
052429
960197
281240
157287
692897
670168
752499
404080
172542
870188
760177
781694
672390
791493
380442
900292
960298
275380
960399
511263
050409
8614100
534699
900292
790887
900292
692594
482573
980199
691180
058287
024749
232851
281139
781189
058691
721688
287199
600565
543286
247296
234972
602484
162137
701686
305282
591069
341650
382260
383573
960197
252146
101626
287199
471966
891099
870794
542074
264066
840488
672996
850388
574198
660874
485098
810384
174966
440448
610667
284573
510152
224264
432265
520961
791190
642387
551873
700979
203858
411051
730982
631982
731285
351449
811293
523385
881098
710778
841498
296796
212445
831396
9208100
081927
144862
026971
303565
164965
344983
140721
253863
661884
582078
382159
890796
9406100
780280
385088
391150
351954
572582
771895
520961
373168
672188
551267
216182
751085
580563
900898
801898
780987
910293
415192
522072
391958
226385
780179
341145
940498
374986
365894
830891
504494
761288
077279
281644
321345
930497
702292
561975
9604100
190221
266187
554095
504898
265682
314172
682997
573693
780179
315687
661783
850489
421759
177188
691584
830689
910495
471461
652792
364884
9901100
264571
252146
214667
170623
653398
122941
184765
343266
871198
047175
881199
671784
102737
020608
762298
732497
840993
770784
394988
422264
433174
561167
551873
871299
224567
362258
451459
692392
423375
830790
950196
285785
432164
6634100
740983
324173
503484
196988
340135
250126
841296
771895
033235
455095
244569
690170
026163
108898
573693
098695
781997
602181
9802100
5446100
603696
600767
603090
233760
088088
652590
473986
053843
513485
460450
661278
661278
9505100
204464
147387
443680
022527
551065
623294
373572
562278
9703100
068793
583795
930396
296897
265884
652792
432063
5248100
264268
262753
480755
860894
900494
492675
830487
046771
791089
262248
465298
771491
512172
334578
691988
592382
031619
492776
382765
104353
712798
712798
110617
216081
851398
910596
524294
423678
164864
553085
8515100
102838
531063
510455
480957
077784
514899
682694
300939
306999
128799
453782
241640
460349
058388
770885
385694
095766
061723
700979
583593
6634100
7327100
621072
0793100
552075
311950
522880
510556
820183
930194
810182
170118
800181
314273
162036
870996
830891
573087
440145
543488
182644
950499
366096
493079
040509
761086
245276
493887
192645
850186
443781
504999
880593
140317
442872
484795
751994
172340
341246
741589
114556
342054
930598
055358
800383
760985
342862
840185
255479
160925
021921
140620
534093
760884
164965
910495
801494
610768
602080
067783
344377
395089
033538
881098
760682
414990
870996
781593
371148
722496
222042
153651
950297
306494
9109100
491160
741084
740579
760379
560258
571875
801797
334073
870996
465399
400747
046468
840387
530962
131730
232548
880694
573491
020103
591978
350136
235275
202040
840286
820284
861197
503181
252146
491665
380947
064551
160723
363369
591069
870693
800787
801191
434790
011314
435295
126375
541266
286593
790584
970299
394584
336598
900393
590160
073643
131023
055560
571774
483381
821395
057580
256691
731689
670168
145771
133043
345892
870592
740579
650469
042630
781492
702595
712293
312455
012829
690776
642488
8911100
651075
791594
410950
452368
256994
326193
0694100
244872
680674
227496
542478
920496
214566
840791
890493
940296
522072
701888
400343
631174
286997
343670
534497
205979
070916
542478
372764
460854
9604100
177592
732295
463783
274168
721991
144155
088088
801090
360238
180624
064046
374885
593291
530457
870794
123042
217899
710677
811495
940397
060713
940296
296594
294372
500151
206383
890594
320335
392362
840791
425597
047478
404989
134154
731689
573592
681179
950499
335689
104757
433275
056671
870390
331346
015657
123749
750984
431659
110314
108797
384078
530154
494695
512071
831295
081725
780179
950499
011516
177693
530861
741690
721284
310637
306797
102535
011112
600161
340943
270835
640973
321850
571774
781189
650267
340135
453984
651176
940296
7426100
415798
673299
334578
680977
960399
166783
411960
920799
732396
801696
910697
603999
224466
620264
550661
464591
090817
110718
890392
692594
574097
510960
561874
105666
274875
491261
304373
682997
254166
254671
564399
276895
492978
593190
550762
840892
2080100
573188
731790
474592
296190
493685
940599
9505100
128092
673198
065359
651883
541973
193554
761692
673299
504090
284876
395089
770178
383977
781189
433982
314475
910798
371855
900999
510253
950398
216182
9802100
099099
722799
960197
571370
137184
313970
710576
093241
524698
603696
910495
850287
721991
420951
065359
670168
453075
096271
071825
503989
900595
424486
055459
204666
562581
117384
840690
242448
210223
632992
014041
870996
742195
821193
770885
371249
920395
523890
452267
012526
224365
186179
534497
095766
712394
034750
910495
9703100
851095
543286
233962
801494
046771
202444
120618
048387
980199
425496
222345
090312
231639
9901100
441054
481361
731083
940498
175976
029395
9505100
9802100
880290
811596
020810
382159
393978
920496
830790
273562
554499
341751
480755
273663
700272
365591
440852
521769
831295
474794
087482
391049
861298
355691
521870
441660
154055
312455
513687
5842100
275380
620668
910899
642993
642993
331043
560965
244670
076471
631982
732598
355994
820991
920698
304070
830285
294271
143650
820183
9901100
851196
780179
092029
850590
632487
662692
022325
214465
014243
432669
470148
272350
621476
750782
900595
093645
108595
482371
831093
821799
021517
810485
880694
582684
482977
122739
681987
820486
561066
413374
311849
382058
281947
561975
241438
306797
900595
331851
362359
166581
610465
112435
056469
532073
096776
790786
401454
191130
054550
057075
611475
234972
365288
212344
030508
524092
880795
463076
236992
491665
333164
084755
393776
166278
732093
116273
215071
563793
531467
276996
511263
570461
452873
185169
066369
484088
7327100
601272
364682
570259
214667
492978
602484
173855
085967
970299
502070
573794
092837
670774
128395
520860
350944
121224
800787
452974
840993
241741
771794
5050100
514798
553388
960399
081119
790180
334275
134356
106272
640771
851499
463480
561167
108090
504494
425395
643397
502272
782199
930396
170825
950297
460854
041317
680674
333164
710677
742094
632386
501767
344983
940498
841599
850287
442670
156580
8119100
593998
021820
300131
860692
481260
085361
434891
047074
023133
424183
124658
592483
365894
523486
821496
871198
742498
156277
401858
433679
373269
570158
363167
810283
471158
950196
522678
394988
420749
681785
287199
082230
920395
130619
700474
631679
761490
661379
031417
365793
264369
263359
146781
910697
821496
980199
424385
740175
313061
272249
028284
721486
375592
342660
420547
9703100
413172
511162
123951
061723
900999
043539
174663
850691
374885
750176
621577
144054
442266
245983
322355
663197
440347
312758
465197
501969
9406100
070714
100313
186684
9703100
014344
900393
562278
048185
160319
820486
850489
334679
4258100
462268
940296
095160
353065
403070
751287
660975
781694
225678
470754
224668
464995
681381
262450
211435
522779
481967
970198
9901100
9307100
620971
234265
830891
078592
880593
276794
491564
500656
780482
851398
196685
801898
9109100
612182
791089
590261
465197
522880
820789
800282
771895
013233
025860
242650
9901100
273562
770481
434386
223860
542074
871198
692594
361753
980199
860692
201535
701989
153752
702898
550560
600262
361854
761288
530760
088290
800989
841195
631376
702999
165369
660773
263763
722395
580159
455499
237396
443579
394685
721082
421456
620668
371956
267399
350237
112233
540559
115162
980199
237295
910495
9901100
100212
174562
163955
540155
560662
543892
028486
760884
462369
780381
702898
032124
050409
017980
900999
128597
402262
171633
9901100
500959
591372
702292
431861
810990
100313
401353
820587
433881
712899
652792
264773
434790
730780
501666
192544
900898
333770
171532
642589
770178
190726
481462
442973
157792
124355
970299
860288
212849
520759
421153
761288
721183
286492
5941100
820789
730376
375592
730578
194160
405595
405797
702797
403979
135770
583290
076572
216687
013940
511061
274976
562278
016869
483078
711687
881199
483078
380341
791594
254368
752499
092130
195978
412768
820890
106979
362864
360238
271037
236992
304272
870491
481159
600969
021618
841498
820789
900393
058186
722799
9901100
760581
900292
940599
393776
171734
732093
830891
481462
331245
701585
530558
263157
801696
395796
722395
195776
583189
820991
365894
683199
760682
290837
590362
175370
097685
870289
420345
6931100
150419
293160
140923
444589
603191
662086
066672
500151
851398
052934
761490
384886
851297
012425
7624100
440953
930699
900393
126981
920294
034750
851095
461763
454388
107585
681482
148599
662591
112334
216990
683098
620668
672693
573289
333669
660874
702494
880492
590564
173451
276390
541165
910798
504393
761187
651378
096473
463278
950499
014041
770481
510758
261945
542680
9703100
403373
431962
413475
661581
721183
630770
8812100
762298
600767
920294
880593
720678
622789
731689
250227
482775
039497
900999
433477
287199
720981
890998
385492
144559
414586
800888
344276
222143
265783
012223
321648
791089
970198
462470
142741
682391
700979
9604100
148195
850287
771289
256287
620365
442468
048791
410950
235376
841498
811596
404282
750580
263965
543589
116778
900696
3664100
633699
096271
820385
860389
350439
037174
562581
9109100
372259
770784
501969
473481
030205
371855
1387100
373067
781088
801696
830487
700272
530962
423880
800686
233760
571673
870390
600565
593089
490251
324173
122234
254065
442165
252853
9604100
276188
821698
5149100
392968
980199
860894
790685
522173
623799
631881
040509
241438
464389
254469
370340
510758
5149100
690574
660167
341549
9703100
770178
061319
760884
344781
782098
150924
950196
462874
276087
712495
212344
481159
570966
234366
9406100
661379
970299
591877
235073
9703100
068086
411354
333770
044650
633194
731285
9901100
583189
410445
523082
633093
175269
930396
385290
060814
732295
096877
072431
234871
811697
393877
186280
485199
283765
301242
112738
870390
622587
275683
820385
214768
096877
152742
960399
980199
481260
643397
610768
940498
791897
331245
582684
135467
493988
440751
980199
530659
660268
041216
039497
321749
702393
553489
910798
721385
243660
620971
048084
434083
970198
413071
014344
691786
084250
811697
316495
036669
362662
420951
401353
382361
385290
015253
780280
073542
900696
101424
435194
861298
890291
960399
870390
521466
9406100
081220
880694
214465
9901100
020406
370441
235578
450247
257297
411556
742599
351348
850691
252348
571067
851297
160521
890695
780280
066975
471562
6139100
622688
301141
150924
323163
592180
076067
770885
702191
440751
811495
166379
631275
291544
341044
165975
672188
751792
023335
770178
630568
314374
205676
801393
534093
930497
180927
581674
421456
237699
235679
602989
9802100
910394
396099
840993
225678
553994
800686
480351
683199
153449
910596
820587
950499
361955
443175
231740
322658
049397
573188
341044
681482
560561
084149
256994
385997
900595
267197
422668
281745
850489
881098
253156
382058
9802100
860288
760884
381957
920597
781290
483684
622688
751590
202545
860591
137083
871097
791897
940195
302858
682997
222749
553085
511768
591675
221739
212445
930699
334578
034043
322456
420648
851499
363975
206989
681886
463581
380644
323769
682896
260531
591271
034649
721688
112233
311849
136578
141630
881199
164157
8713100
186886
082331
690372
671077
821698
182139
731487
532679
600666
742599
641175
484492
193756
830790
640973
700171
840589
720173
8614100
584199
241034
340539
930396
342862
920597
602282
483886
563591
530861
531063
701383
140216
791089
470350
950398
272653
206282
950398
633194
772299
561268
801797
211940
620365
621173
560662
086775
610364
692089
800383
494695
224264
681381
401555
470653
050813
633295
662894
332356
471663
9505100
262248
451560
346397
033235
831194
710273
662591
900191
164359
591170
731891
760884
582482
463884
453176
244872
732194
9109100
473178
210627
470956
263561
840488
144458
294069
098998
731790
365490
471360
261036
860591
980199
385795
950297
810990
442468
550560
790988
325385
514798
460450
950196
9802100
260632
613293
373067
650873
770784
603595
780381
642892
012021
690978
880391
283765
016162
101222
870390
3070100
036972
148498
145367
445094
841397
341549
930396
820284
582381
790584
236083
821092
690473
260531
301040
960298
152742
192847
544094
771491
6931100
401050
7426100
660167
401555
170320
380442
323870
071320
880391
073946
280432
236790
411859
455398
570562
207292
243054
433073
481563
490958
761288
066975
820789
732699
500858
233962
243054
543690
673097
682896
401252
375491
831194
791998
613495
226789
421254
712091
235073
590968
630265
870491
431861
591271
163450
211132
920193
811091
621173
010102
750782
413677
302656
118596
741589
752398
880795
740882
9901100
371350
880593
160723
226284
522880
304373
384785
170118
096271
710778
383775
871097
455297
122335
171633
593291
603898
100515
502070
970299
810182
334780
102131
701080
382361
642791
820789
220123
253863
160117
670168
660167
322355
524395
411354
850388
452671
053843
422668
121022
010809
423577
331548
321446
271138
591877
740882
167086
721789
791190
692998
320840
066066
453883
095463
740882
115970
940397
761591
133649
621678
740478
452873
272047
622082
811293
730679
841195
355893
311041
9010100
721587
245781
092231
280533
475097
194362
9010100
900696
8911100
571168
960399
334376
144256
381553
0298100
670370
871299
324880
018283
821698
621375
125668
700676
093847
620466
083745
511364
851095
332962
860995
047074
333871
314172
375592
720274
710475
700676
770683
9802100
190423
633598
041418
107383
632891
2080100
284977
800989
123446
850489
137285
355590
770986
900494
374077
751994
910798
196281
910192
890897
424587
265985
294776
8614100
861298
682492
423173
552075
166278
650267
330639
164460
541872
391150
355186
8218100
652691
9802100
820284
840791
270835
650974
9901100
264874
580563
073441
340539
641680
127688
721890
028183
460955
481361
582987
435194
301040
6139100
521264
211031
263763
151530
600666
194564
6436100
880492
113647
601676
094554
771087
710374
384886
820284
261440
650166
910394
313566
213960
385391
432871
136275
111021
432467
422971
443478
552277
610970
910596
323971
801090
025355
071623
232750
880896
544498
430548
090716
411960
720880
081422
580967
452873
302050
141125
820284
590968
202646
621375
048488
670673
960197
732093
341549
691988
9802100
820789
444690
062834
831699
325284
061723
226688
534497
400747
641175
434790
591473
661177
870390
870996
511162
273259
751590
760985
296493
680977
474693
401252
810889
950499
069197
282149
712697
483482
700272
355691
295079
900898
293261
451762
301545
095564
472471
235982
980199
356499
196685
920496
511162
7624100
111728
651075
326294
512980
643094
355489
058792
156277
412364
322658
101626
683098
661379
582785
850388
760884
9901100
412667
325688
640771
930598
910394
650267
692695
722193
791392
670471
562581
207898
542983
244468
861298
463076
910192
152237
691079
029698
053237
840387
402565
960197
691584
135871
255681
087785
630265
365591
010304
231841
520254
464995
132336
384179
342054
731790
512374
630770
474289
681280
033336
391453
313667
8515100
960197
394382
641276
454590
623092
732194
440852
120921
861399
400747
310839
276390
590463
045862
9010100
550459
066975
034447
240731
720880
108393
213051
400444
532982
770380
412162
960399
770784
940397
202242
540862
673097
560157
821597
022527
263056
673198
583088
590564
024446
830891
441357
880997
125062
861399
950398
261137
230831
551065
861298
143751
440145
353772
263662
454590
9901100
740882
074148
920294
780886
353368
382462
593392
140216
950196
671582
331245
122436
201030
910495
860591
087583
473279
292554
323769
461965
870996
900898
350843
950499
9802100
970299
840387
9307100
640973
480957
180523
611576
144458
471259
860591
681583
683098
840589
553388
059196
871299
181533
760379
441256
700878
362258
257499
940397
7525100
395594
711687
701888
057681
871299
351954
532174
970299
443175
700777
531871
9901100
047680
422567
382765
930598
415394
661581
078390
090918
811091
493483
484997
8515100
304272
940599
603494
354479
315687
660369
550358
392867
206585
165672
374077
095059
611374
072633
670471
782098
090413
430952
143953
193251
028789
158095
128698
731790
108090
452065
653196
394685
7921100
245579
761389
096170
3268100
322355
514192
401050
332053
362258
461056
345791
851398
151227
890493
851095
460248
690574
320133
880795
720173
811697
740175
570461
352762
651883
640771
075360
731790
143246
470956
9802100
103444
801797
186987
300232
102434
520759
193554
300232
362460
501767
197392
772299
275279
9307100
207696
700979
731891
036770
980199
731689
9802100
920597
042327
522072
9208100
880290
420345
462066
810283
336093
144559
475299
470653
161228
561672
256590
563894
7228100
701686
463985
227597
031114
364985
473885
593392
290736
050106
801090
750378
592786
641882
940599
076067
890998
286391
9901100
410546
204363
801494
960298
034043
493584
385593
075461
494695
441862
462369
550863
463379
066167
493988
500353
176481
850792
241034
432871
025557
900393
692493
177996
650772
267197
333669
540357
147286
830790
790584
038285
782199
851499
053843
321547
381048
9109100
291948
642791
350944
761591
720476
580260
244569
660773
216182
176885
043438
600363
980199
088997
900595
6436100
362258
088997
160218
282553
161228
460147
114152
045357
231942
670673
222850
3367100
920193
831497
203252
511869
392261
870592
275784
463278
502575
9604100
741185
601474
610768
593695
301444
871097
364985
235376
212647
701686
672390
910596
562884
235376
385795
613596
484896
232548
590564
151126
231033
405999
122234
621476
880189
791695
264369
960197
421052
671077
296392
621880
900595
920193
306393
801494
163854
062329
032932
791291
553893
118899
650166
391857
125567
067884
960197
112435
870390
046670
581977
250227
083644
350540
601272
742599
114960
157691
300333
354883
103646
491564
881199
910596
198099
871299
970198
442266
350540
9604100
9703100
930295
108595
332760
128294
622082
166783
731891
346094
760783
017980
361753
472774
230932
950499
6436100
540357
7921100
970299
880694
332255
9703100
611071
283361
176077
334174
890695
345286
160925
630770
682896
204969
493180
423981
511869
295988
183250
010203
413879
080412
155974
810384
303969
650368
087482
075158
890594
501868
340741
324476
751085
831497
930497
752095
464389
860490
601676
201939
384179
8812100
841599
601474
621375
613192
781694
891099
463480
115263
217899
023739
330437
326193
561571
680876
461662
413879
454691
960298
423072
752196
831295
7426100
243155
020810
930598
344074
720375
511465
831598
353267
810586
450146
910394
830285
620668
4258100
203959
135164
570663
246084
491261
361955
741791
850489
374380
940498
322860
960197
231538
401757
201535
024345
7822100
205676
315283
612283
960399
332154
444185
214364
980199
9901100
0397100
304171
342054
840185
790281
870289
771390
151833
022224
870390
140721
245276
126072
741286
204969
590160
355893
630669
494190
514091
020305
090110
811192
770481
771592
493079
502878
241438
940195
701080
910798
227294
151328
364581
880896
470451
1585100
772299
320537
8911100
811293
233558
711889
583896
880391
391958
210324
172239
590362
176784
422163
611172
661783
880593
790180
511263
670875
801999
277198
032831
690675
365490
603797
371249
662086
144963
9703100
502878
880593
215475
620466
017576
225274
096372
722294
820890
251742
066773
761389
840892
454489
266793
414182
281341
284371
582583
980199
143953
211536
154560
780886
572279
940397
207999
481866
091625
9604100
440448
204868
870794
761187
331447
305383
253863
9901100
343973
920294
494897
270835
401454
751893
450954
720274
682896
172037
960298
661278
652792
380947
613697
483280
160723
126577
054348
081220
0991100
643397
316596
255176
960197
097786
214667
712697
760480
492675
652489
281543
771087
930194
841599
171835
173350
8713100
860793
9901100
851297
281038
305989
691180
9901100
047175
9802100
680674
158095
121729
870794
572380
751893
840589
4159100
950196
940296
342155
211132
510354
463884
761692
474895
564197
702797
920698
165672
583290
181735
761389
540256
601676
682290
154560
711788
633295
414485
124052
464692
770380
653095
650469
662490
134255
821395
171027
602181
183856
303868
091423
513384
375087
346599
940397
6832100
442569
851499
960298
691887
026163
222244
028284
031821
385492
390847
421860
045660
9307100
562884
371855
701888
641074
010304
9901100
801696
421052
224264
381755
570360
560359
960197
113142
782098
245781
262046
8515100
712192
663197
374380
561571
633497
620567
860793
534093
503787
631679
264066
890695
370946
321446
631780
046872
9802100
424486
830689
155974
960399
801494
850590
520860
640872
940195
900898
890190
293867
414788
622991
850287
592988
076370
225779
840387
281846
702797
263460
470956
342256
970299
088391
650671
5347100
174865
240327
360844
521163
424183
623496
185775
142034
700171
570865
385694
405494
058287
781593
851095
117788
711687
040509
890594
970299
620668
482068
761591
070916
940599
230225
150217
305787
691786
810788
682694
2476100
620163
444185
250732
690675
9208100
132235
591675
930194
120214
313162
950297
034750
811091
038891
930699
572178
850388
701484
073744
574299
304777
464490
801999
213859
572582
135164
252146
701787
192544
542781
425395
404989
592887
731689
732598
385593
670875
690372
135770
443276
9802100
313263
282957
058388
093645
851095
483785
830487
800282
720375
742296
630265
049397
680573
9901100
280836
310839
970198
412667
106676
264874
540862
154863
411657
252550
541771
544296
384381
611980
180725
451762
960399
172744
500959
241640
681078
111223
271441
762096
296695
670673
600868
890190
156984
360642
111324
236790
930699
522577
910192
780179
049599
452065
900696
930295
662894
542983
890291
770481
712495
463177
781492
164056
9802100
385694
118495
432770
156883
152742
851499
691584
205171
356398
890392
491665
170623
890796
087684
362763
160622
383169
760581
590968
355994
056469
731790
594099
331245
221335
097685
652085
693099
113950
473683
286391
731386
9307100
9901100
543690
244266
110819
037275
960197
068086
135164
841094
571673
870895
821294
383371
093948
096473
474895
144862
930598
851095
154459
364076
841397
181634
345488
751792
463379
8416100
751792
182341
465399
206787
483482
344276
591473
950398
240731
811596
821193
2773100
582987
263157
371754
147387
420648
263157
391857
177693
384583
641478
276693
224567
950499
435093
402969
811091
880492
152641
810384
900191
121729
381452
881199
640973
960399
092534
600666
316596
300838
5347100
120517
153045
760379
393978
591574
025557
603595
182139
442872
780280
561066
781088
692089
621678
570360
950499
631780
304575
531669
492069
382462
089098
442468
970198
413172
343771
4357100
156782
543185
064349
711384
780987
246286
090514
502777
017374
393372
560157
346296
860389
231235
088795
425193
860793
9802100
054045
583593
374885
950297
305484
542074
276087
890291
494190
192645
3763100
534194
540458
570562
283260
603898
293261
323264
363874
460147
9901100
233154
292554
167288
161531
732295
543488
741589
093847
850489
291847
415394
930396
463884
620466
134659
256994
920698
431457
141327
096574
612788
344478
632891
434487
582078
593190
350944
321446
461157
950499
323668
237295
491867
316293
026769
930699
811495
273461
592483
443074
521567
057782
014849
330336
534396
235275
900797
9604100
230225
611475
306696
272956
572178
691180
521264
492978
692897
821597
236285
544195
391857
475198
9901100
960298
151530
750378
092231
502070
244872
692392
900696
640367
330235
940498
017273
841599
750176
721890
324375
086775
720779
820991
660874
692998
9901100
294069
791796
562076
424890
310334
433780
346296
581876
970198
662591
233659
301141
603595
033437
940599
253055
365389
029698
910192
310637
324274
653095
035053
583391
097887
900898
192241
960197
6436100
041014
8713100
082533
394281
151126
573794
8515100
400242
772299
611879
171734
9604100
850691
305888
461460
015152
9901100
603898
900595
038487
880795
821597
9505100
146579
445498
781290
085765
652691
030407
214162
194463
362561
592180
850287
262147
9802100
522476
860591
404686
880391
146983
591675
622991
153651
220931
335992
204666
224870
840488
390140
472875
316697
141832
203757
330538
392059
302656
750580
811596
880391
502777
821092
772299
185775
292756
551772
662591
530356
9010100
671077
720779
070815
970299
680371
245276
356297
112031
501868
411051
364985
514596
870390
212748
262147
8119100
201333
722496
174158
970299
851398
403878
910495
583088
761894
630568
291746
9901100
791695
9901100
771794
720274
760480
140418
291544
850590
254065
192948
183957
047680
444488
781088
024648
692796
304575
592685
643296
671784
840387
224971
801595
433679
046468
290231
451560
415798
593695
780886
067884
344276
740276
252449
581573
582078
173754
374885
483987
402464
9802100
533285
223860
460854
373269
066672
254166
603393
910495
840690
381957
980199
554196
860187
430447
050409
780280
8119100
350641
256186
940599
9901100
851499
366399
643599
463379
762399
392463
140317
861197
712394
700373
184462
028688
450348
700373
473986
8317100
370542
9604100
064551
760985
673097
611374
432972
484189
366096
047074
481260
970198
103242
393271
463985
9802100
670168
503080
740478
880189
332962
642892
600666
860389
010102
612990
423274
960399
781492
920799
920193
640266
019798
364783
450752
544599
121022
098493
631578
391150
042428
051015
730275
632083
481967
222850
028183
134659
414485
551267
792099
153954
370441
520254
603696
672794
871097
841195
451358
612384
9010100
177996
490554
256287
414990
421456
761793
114556
173047
851196
404585
088896
415293
176481
710475
266490
840185
940296
453176
311344
8020100
761086
721082
742296
652994
781694
880694
940195
440145
770784
462470
195978
386199
570158
122739
201131
241034
564197
850489
371956
751792
294271
880290
681886
910192
590160
512273
300232
521567
771592
080210
860692
651176
692190
058489
830285
920193
650469
533285
602282
1486100
164460
435093
950297
342357
421052
562480
464490
039497
251439
322961
900696
126173
222547
6139100
382058
076269
294170
820890
692089
231235
180321
274269
791897
950499
700272
100515
920496
620163
9604100
316091
702090
310940
9604100
9406100
295584
167288
392059
860288
414283
071825
145064
950398
731992
680270
543589
731285
681179
1189100
272855
810788
152338
4060100
345791
830285
633598
504999
491160
471865
752499
316091
701181
131528
520254
087987
9901100
521769
144559
147286
551065
772299
140519
343468
276289
780886
342862
9703100
442973
710374
630366
127486
8911100
850590
560864
290837
910495
930497
371855
107383
541367
321749
960197
0892100
391554
573895
383674
970198
531972
172845
792099
450348
074754
305383
050611
246286
661682
670168
910596
326294
631477
510152
281341
950398
602383
810384
860995
741084
261238
380543
491362
513990
890392
314677
320537
641983
110415
870188
542377
254671
022224
107989
791190
700575
940296
612182
082937
560763
571471
623496
504090
042428
144660
440549
071118
240832
142337
243357
513182
960197
454994
593998
740680
651782
850994
582179
425496
811596
570663
494796
084351
771087
581371
432972
132235
263460
342357
670774
336396
325082
673198
820587
850186
023032
068591
930194
088290
511465
820385
960197
9307100
580563
542478
761187
840488
242246
680472
720476
534497
462470
821799
633396
691988
023638
490352
026163
960197
801595
016061
4456100
601272
195675
960399
950499
690271
237497
780886
434285
772198
830285
930699
184967
562480
394685
076269
722496
9802100
591473
471966
078087
700171
101222
553691
722597
561369
123749
781795
422466
088997
227698
970198
621880
851499
781391
0991100
160420
174158
071926
564399
086169
110314
930295
871097
420244
810283
9604100
980199
172845
336295
096877
811091
184563
910192
6733100
472774
021012
054752
016566
730881
940296
473380
662490
451156
170825
532982
030508
750479
069096
651277
2080100
222648
483482
131023
067884
870188
491261
286189
336598
136174
022729
690877
124052
011718
890493
661682
740680
080614
